{
    "w": 1600,
    "h": 1200,
    "aabb_scale": 1.0,
    "scale": 0.5,
    "offset": [
        0.5,
        0.5,
        0.5
    ],
    "from_na": true,
    "frames": [
        {
            "file_path": "images/000000.png",
            "transform_matrix": [
                [
                    0.9702627062797546,
                    -0.01474287360906601,
                    -0.2416049838066101,
                    0.9490470290184021
                ],
                [
                    0.0074799139983952045,
                    0.9994929432868958,
                    -0.0309509988874197,
                    0.052045613527297974
                ],
                [
                    0.2419387847185135,
                    0.028223415836691856,
                    0.9698809385299683,
                    -2.6711924076080322
                ],
                [
                    0.0,
                    0.0,
                    0.0,
                    1.0
                ]
            ],
            "intrinsic_matrix": [
                [
                    2892.330810546875,
                    -0.00025863019982352853,
                    823.2052612304688,
                    0.0
                ],
                [
                    0.0,
                    2883.175537109375,
                    619.0709228515625,
                    0.0
                ],
                [
                    0.0,
                    0.0,
                    1.0,
                    0.0
                ],
                [
                    0.0,
                    0.0,
                    0.0,
                    1.0
                ]
            ]
        },
        {
            "file_path": "images/000001.png",
            "transform_matrix": [
                [
                    0.8022554516792297,
                    0.4279929995536804,
                    -0.41618287563323975,
                    1.4060521125793457
                ],
                [
                    -0.43934759497642517,
                    0.8952822685241699,
                    0.07377897948026657,
                    -0.22125734388828278
                ],
                [
                    0.40417805314064026,
                    0.12365935742855072,
                    0.9062827825546265,
                    -2.5047671794891357
                ],
                [
                    0.0,
                    0.0,
                    0.0,
                    1.0
                ]
            ],
            "intrinsic_matrix": [
                [
                    2892.330322265625,
                    0.000538503983989358,
                    823.2044067382812,
                    0.0
                ],
                [
                    0.0,
                    2883.175048828125,
                    619.0686645507812,
                    0.0
                ],
                [
                    0.0,
                    0.0,
                    1.0,
                    0.0
                ],
                [
                    0.0,
                    0.0,
                    0.0,
                    1.0
                ]
            ]
        },
        {
            "file_path": "images/000002.png",
            "transform_matrix": [
                [
                    0.4234943687915802,
                    0.7491759657859802,
                    -0.5093013048171997,
                    1.6509357690811157
                ],
                [
                    -0.760859489440918,
                    0.5992920398712158,
                    0.24888114631175995,
                    -0.6803238987922668
                ],
                [
                    0.4916760325431824,
                    0.28210699558258057,
                    0.8238145112991333,
                    -2.288398504257202
                ],
                [
                    0.0,
                    0.0,
                    0.0,
                    1.0
                ]
            ],
            "intrinsic_matrix": [
                [
                    2892.332275390625,
                    -9.275005868403241e-05,
                    823.2060546875,
                    0.0
                ],
                [
                    0.0,
                    2883.17724609375,
                    619.0703125,
                    0.0
                ],
                [
                    0.0,
                    0.0,
                    1.0,
                    0.0
                ],
                [
                    0.0,
                    0.0,
                    0.0,
                    1.0
                ]
            ]
        },
        {
            "file_path": "images/000003.png",
            "transform_matrix": [
                [
                    -0.06928994506597519,
                    0.8659440875053406,
                    -0.4953177869319916,
                    1.6131058931350708
                ],
                [
                    -0.8737050294876099,
                    0.1869678497314453,
                    0.449090838432312,
                    -1.2066822052001953
                ],
                [
                    0.48149606585502625,
                    0.4638791084289551,
                    0.7436246871948242,
                    -2.0773966312408447
                ],
                [
                    0.0,
                    0.0,
                    0.0,
                    1.0
                ]
            ],
            "intrinsic_matrix": [
                [
                    2892.329833984375,
                    0.00017681937606539577,
                    823.2040405273438,
                    0.0
                ],
                [
                    0.0,
                    2883.174560546875,
                    619.0699462890625,
                    0.0
                ],
                [
                    0.0,
                    0.0,
                    1.0,
                    0.0
                ],
                [
                    0.0,
                    0.0,
                    0.0,
                    1.0
                ]
            ]
        },
        {
            "file_path": "images/000004.png",
            "transform_matrix": [
                [
                    -0.5462872982025146,
                    0.7481358647346497,
                    -0.3766469657421112,
                    1.300887942314148
                ],
                [
                    -0.7487468719482422,
                    -0.23462486267089844,
                    0.6199429631233215,
                    -1.6515557765960693
                ],
                [
                    0.3754308223724365,
                    0.6206802129745483,
                    0.688336968421936,
                    -1.9334536790847778
                ],
                [
                    0.0,
                    0.0,
                    0.0,
                    1.0
                ]
            ],
            "intrinsic_matrix": [
                [
                    2892.330322265625,
                    -0.0003329366154503077,
                    823.2058715820312,
                    0.0
                ],
                [
                    0.0,
                    2883.17529296875,
                    619.0707397460938,
                    0.0
                ],
                [
                    0.0,
                    0.0,
                    1.0,
                    0.0
                ],
                [
                    0.0,
                    0.0,
                    0.0,
                    1.0
                ]
            ]
        },
        {
            "file_path": "images/000005.png",
            "transform_matrix": [
                [
                    -0.5951046347618103,
                    0.6311270594596863,
                    -0.4975230097770691,
                    1.6201977729797363
                ],
                [
                    -0.7244323492050171,
                    -0.15326915681362152,
                    0.672091007232666,
                    -1.7925561666488647
                ],
                [
                    0.34791988134384155,
                    0.7603862285614014,
                    0.5484200119972229,
                    -1.5632390975952148
                ],
                [
                    0.0,
                    0.0,
                    0.0,
                    1.0
                ]
            ],
            "intrinsic_matrix": [
                [
                    2892.331298828125,
                    -1.1480634384497534e-05,
                    823.2040405273438,
                    0.0
                ],
                [
                    0.0,
                    2883.17529296875,
                    619.0712890625,
                    0.0
                ],
                [
                    0.0,
                    0.0,
                    1.0,
                    0.0
                ],
                [
                    0.0,
                    0.0,
                    0.0,
                    1.0
                ]
            ]
        },
        {
            "file_path": "images/000006.png",
            "transform_matrix": [
                [
                    -0.28523603081703186,
                    0.7346833348274231,
                    -0.6155329346656799,
                    1.932024598121643
                ],
                [
                    -0.8534112572669983,
                    0.09764204919338226,
                    0.5120109915733337,
                    -1.3699601888656616
                ],
                [
                    0.43626782298088074,
                    0.6713467240333557,
                    0.5991359949111938,
                    -1.6969667673110962
                ],
                [
                    0.0,
                    0.0,
                    0.0,
                    1.0
                ]
            ],
            "intrinsic_matrix": [
                [
                    2892.330078125,
                    -0.0004404164501465857,
                    823.2068481445312,
                    0.0
                ],
                [
                    0.0,
                    2883.17529296875,
                    619.0704345703125,
                    0.0
                ],
                [
                    0.0,
                    0.0,
                    1.0,
                    0.0
                ],
                [
                    0.0,
                    0.0,
                    0.0,
                    1.0
                ]
            ]
        },
        {
            "file_path": "images/000007.png",
            "transform_matrix": [
                [
                    0.060403402894735336,
                    0.7407433986663818,
                    -0.6690669655799866,
                    2.073211908340454
                ],
                [
                    -0.8726902604103088,
                    0.3645560145378113,
                    0.3248240053653717,
                    -0.8770138621330261
                ],
                [
                    0.4845236539840698,
                    0.5642677545547485,
                    0.668459951877594,
                    -1.8795548677444458
                ],
                [
                    0.0,
                    0.0,
                    0.0,
                    1.0
                ]
            ],
            "intrinsic_matrix": [
                [
                    2892.330078125,
                    -8.341883130924543e-07,
                    823.2063598632812,
                    0.0
                ],
                [
                    0.0,
                    2883.175537109375,
                    619.069091796875,
                    0.0
                ],
                [
                    0.0,
                    0.0,
                    1.0,
                    0.0
                ],
                [
                    0.0,
                    0.0,
                    0.0,
                    1.0
                ]
            ]
        },
        {
            "file_path": "images/000009.png",
            "transform_matrix": [
                [
                    0.6859120726585388,
                    0.46662360429763794,
                    -0.5583789348602295,
                    1.7809325456619263
                ],
                [
                    -0.5816594958305359,
                    0.8126622438430786,
                    -0.03538799658417702,
                    0.06976193189620972
                ],
                [
                    0.43726059794425964,
                    0.34905946254730225,
                    0.828830897808075,
                    -2.301853895187378
                ],
                [
                    0.0,
                    0.0,
                    0.0,
                    1.0
                ]
            ],
            "intrinsic_matrix": [
                [
                    2892.32958984375,
                    -0.00041115234489552677,
                    823.2073364257812,
                    0.0
                ],
                [
                    0.0,
                    2883.175048828125,
                    619.0701904296875,
                    0.0
                ],
                [
                    0.0,
                    0.0,
                    1.0,
                    0.0
                ],
                [
                    0.0,
                    0.0,
                    0.0,
                    1.0
                ]
            ]
        },
        {
            "file_path": "images/000010.png",
            "transform_matrix": [
                [
                    0.8850516080856323,
                    0.2205749750137329,
                    -0.409915030002594,
                    1.3901114463806152
                ],
                [
                    -0.30796217918395996,
                    0.9377976655960083,
                    -0.1602959930896759,
                    0.3975156545639038
                ],
                [
                    0.34906005859375,
                    0.2681085765361786,
                    0.8979281187057495,
                    -2.48327374458313
                ],
                [
                    0.0,
                    0.0,
                    0.0,
                    1.0
                ]
            ],
            "intrinsic_matrix": [
                [
                    2892.3310546875,
                    -0.00020755844889208674,
                    823.2047729492188,
                    0.0
                ],
                [
                    0.0,
                    2883.17529296875,
                    619.071533203125,
                    0.0
                ],
                [
                    0.0,
                    0.0,
                    1.0,
                    0.0
                ],
                [
                    0.0,
                    0.0,
                    0.0,
                    1.0
                ]
            ]
        },
        {
            "file_path": "images/000011.png",
            "transform_matrix": [
                [
                    0.9710187911987305,
                    -0.058607764542102814,
                    -0.2317059189081192,
                    0.920874297618866
                ],
                [
                    -0.043489545583724976,
                    0.909956157207489,
                    -0.41241785883903503,
                    1.0604113340377808
                ],
                [
                    0.23501311242580414,
                    0.4105422794818878,
                    0.8810356855392456,
                    -2.4395463466644287
                ],
                [
                    0.0,
                    0.0,
                    0.0,
                    1.0
                ]
            ],
            "intrinsic_matrix": [
                [
                    2892.329345703125,
                    -0.00019737060938496143,
                    823.20654296875,
                    0.0
                ],
                [
                    0.0,
                    2883.1748046875,
                    619.0695190429688,
                    0.0
                ],
                [
                    0.0,
                    0.0,
                    1.0,
                    0.0
                ],
                [
                    0.0,
                    0.0,
                    0.0,
                    1.0
                ]
            ]
        },
        {
            "file_path": "images/000012.png",
            "transform_matrix": [
                [
                    0.8979907631874084,
                    0.1288076788187027,
                    -0.4207388460636139,
                    1.4195290803909302
                ],
                [
                    -0.29332461953163147,
                    0.887978196144104,
                    -0.3541968762874603,
                    0.9069685935974121
                ],
                [
                    0.32798364758491516,
                    0.44147858023643494,
                    0.8351786732673645,
                    -2.318845748901367
                ],
                [
                    0.0,
                    0.0,
                    0.0,
                    1.0
                ]
            ],
            "intrinsic_matrix": [
                [
                    2892.329345703125,
                    0.00025505266967229545,
                    823.2051391601562,
                    0.0
                ],
                [
                    0.0,
                    2883.174560546875,
                    619.0689086914062,
                    0.0
                ],
                [
                    0.0,
                    0.0,
                    1.0,
                    0.0
                ],
                [
                    0.0,
                    0.0,
                    0.0,
                    1.0
                ]
            ]
        },
        {
            "file_path": "images/000014.png",
            "transform_matrix": [
                [
                    0.5523625016212463,
                    0.44114774465560913,
                    -0.7073078155517578,
                    2.1732754707336426
                ],
                [
                    -0.699410617351532,
                    0.7069223523139954,
                    -0.10528796911239624,
                    0.2543259561061859
                ],
                [
                    0.4535641670227051,
                    0.5528557300567627,
                    0.6990208029747009,
                    -1.9610265493392944
                ],
                [
                    0.0,
                    0.0,
                    0.0,
                    1.0
                ]
            ],
            "intrinsic_matrix": [
                [
                    2892.329833984375,
                    -8.925960719352588e-05,
                    823.2058715820312,
                    0.0
                ],
                [
                    0.0,
                    2883.175048828125,
                    619.0695190429688,
                    0.0
                ],
                [
                    0.0,
                    0.0,
                    1.0,
                    0.0
                ],
                [
                    0.0,
                    0.0,
                    0.0,
                    1.0
                ]
            ]
        },
        {
            "file_path": "images/000015.png",
            "transform_matrix": [
                [
                    0.306799054145813,
                    0.5421410799026489,
                    -0.7822770476341248,
                    2.3721847534179688
                ],
                [
                    -0.8241403102874756,
                    0.5624583959579468,
                    0.06658300757408142,
                    -0.19999681413173676
                ],
                [
                    0.47609567642211914,
                    0.6242784261703491,
                    0.6193620562553406,
                    -1.7502219676971436
                ],
                [
                    0.0,
                    0.0,
                    0.0,
                    1.0
                ]
            ],
            "intrinsic_matrix": [
                [
                    2892.330810546875,
                    8.466438885079697e-05,
                    823.2059326171875,
                    0.0
                ],
                [
                    0.0,
                    2883.17626953125,
                    619.0692138671875,
                    0.0
                ],
                [
                    0.0,
                    0.0,
                    1.0,
                    0.0
                ],
                [
                    0.0,
                    0.0,
                    0.0,
                    1.0
                ]
            ]
        },
        {
            "file_path": "images/000017.png",
            "transform_matrix": [
                [
                    -0.23786765336990356,
                    0.5998026132583618,
                    -0.7639737129211426,
                    2.3222949504852295
                ],
                [
                    -0.869971752166748,
                    0.2182118147611618,
                    0.44219082593917847,
                    -1.188328504562378
                ],
                [
                    0.43193528056144714,
                    0.7698184251785278,
                    0.4699057936668396,
                    -1.3578076362609863
                ],
                [
                    0.0,
                    0.0,
                    0.0,
                    1.0
                ]
            ],
            "intrinsic_matrix": [
                [
                    2892.32958984375,
                    -0.00030611272086389363,
                    823.2051391601562,
                    0.0
                ],
                [
                    0.0,
                    2883.174072265625,
                    619.070556640625,
                    0.0
                ],
                [
                    0.0,
                    0.0,
                    1.0,
                    0.0
                ],
                [
                    0.0,
                    0.0,
                    0.0,
                    1.0
                ]
            ]
        },
        {
            "file_path": "images/000018.png",
            "transform_matrix": [
                [
                    -0.49386322498321533,
                    0.549911379814148,
                    -0.6735700368881226,
                    2.083847999572754
                ],
                [
                    -0.7876439094543457,
                    0.045274291187524796,
                    0.6144649982452393,
                    -1.6413507461547852
                ],
                [
                    0.36839669942855835,
                    0.8339950442314148,
                    0.4107750356197357,
                    -1.2029036283493042
                ],
                [
                    0.0,
                    0.0,
                    0.0,
                    1.0
                ]
            ],
            "intrinsic_matrix": [
                [
                    2892.331298828125,
                    2.9568025638582185e-05,
                    823.2037963867188,
                    0.0
                ],
                [
                    0.0,
                    2883.17578125,
                    619.0709838867188,
                    0.0
                ],
                [
                    0.0,
                    0.0,
                    1.0,
                    0.0
                ],
                [
                    0.0,
                    0.0,
                    0.0,
                    1.0
                ]
            ]
        },
        {
            "file_path": "images/000019.png",
            "transform_matrix": [
                [
                    -0.6232370138168335,
                    0.3608759045600891,
                    -0.6937897801399231,
                    2.1379923820495605
                ],
                [
                    -0.7198984026908875,
                    0.0818052813410759,
                    0.6892417669296265,
                    -1.839862585067749
                ],
                [
                    0.30548641085624695,
                    0.9290190935134888,
                    0.20880991220474243,
                    -0.668788731098175
                ],
                [
                    0.0,
                    0.0,
                    0.0,
                    1.0
                ]
            ],
            "intrinsic_matrix": [
                [
                    2892.329345703125,
                    -0.00010649769683368504,
                    823.2056884765625,
                    0.0
                ],
                [
                    0.0,
                    2883.174560546875,
                    619.0693359375,
                    0.0
                ],
                [
                    0.0,
                    0.0,
                    1.0,
                    0.0
                ],
                [
                    0.0,
                    0.0,
                    0.0,
                    1.0
                ]
            ]
        },
        {
            "file_path": "images/000020.png",
            "transform_matrix": [
                [
                    -0.42348870635032654,
                    0.4126358926296234,
                    -0.8064669370651245,
                    2.43623423576355
                ],
                [
                    -0.8259116411209106,
                    0.1898912936449051,
                    0.5308589935302734,
                    -1.4214872121810913
                ],
                [
                    0.37219253182411194,
                    0.890883207321167,
                    0.2603839933872223,
                    -0.8053117394447327
                ],
                [
                    0.0,
                    0.0,
                    0.0,
                    1.0
                ]
            ],
            "intrinsic_matrix": [
                [
                    2892.3310546875,
                    0.000283569359453395,
                    823.2042846679688,
                    0.0
                ],
                [
                    0.0,
                    2883.17578125,
                    619.0698852539062,
                    0.0
                ],
                [
                    0.0,
                    0.0,
                    1.0,
                    0.0
                ],
                [
                    0.0,
                    0.0,
                    0.0,
                    1.0
                ]
            ]
        },
        {
            "file_path": "images/000022.png",
            "transform_matrix": [
                [
                    0.033342547714710236,
                    0.4289526641368866,
                    -0.9027113914489746,
                    2.6906344890594482
                ],
                [
                    -0.8914967179298401,
                    0.4210622310638428,
                    0.16715309023857117,
                    -0.4621850252151489
                ],
                [
                    0.4517984390258789,
                    0.7991909384727478,
                    0.3964492082595825,
                    -1.1636934280395508
                ],
                [
                    0.0,
                    0.0,
                    0.0,
                    1.0
                ]
            ],
            "intrinsic_matrix": [
                [
                    2892.33203125,
                    0.00025745900347828865,
                    823.2063598632812,
                    0.0
                ],
                [
                    0.0,
                    2883.17724609375,
                    619.069091796875,
                    0.0
                ],
                [
                    0.0,
                    0.0,
                    1.0,
                    0.0
                ],
                [
                    0.0,
                    0.0,
                    0.0,
                    1.0
                ]
            ]
        },
        {
            "file_path": "images/000023.png",
            "transform_matrix": [
                [
                    0.2647325396537781,
                    0.39251893758773804,
                    -0.8808209896087646,
                    2.632005214691162
                ],
                [
                    -0.84716796875,
                    0.5310208797454834,
                    -0.017980000004172325,
                    0.027727579697966576
                ],
                [
                    0.46067681908607483,
                    0.7509632110595703,
                    0.4731079638004303,
                    -1.365674376487732
                ],
                [
                    0.0,
                    0.0,
                    0.0,
                    1.0
                ]
            ],
            "intrinsic_matrix": [
                [
                    2892.331298828125,
                    0.00037798602716065943,
                    823.2035522460938,
                    0.0
                ],
                [
                    0.0,
                    2883.175537109375,
                    619.0698852539062,
                    0.0
                ],
                [
                    0.0,
                    0.0,
                    1.0,
                    0.0
                ],
                [
                    0.0,
                    0.0,
                    0.0,
                    1.0
                ]
            ]
        },
        {
            "file_path": "images/000024.png",
            "transform_matrix": [
                [
                    0.4815131425857544,
                    0.3311347961425781,
                    -0.8114769458770752,
                    2.448206663131714
                ],
                [
                    -0.753669023513794,
                    0.6290335655212402,
                    -0.19052498042583466,
                    0.48200660943984985
                ],
                [
                    0.44735679030418396,
                    0.7033253312110901,
                    0.5524539947509766,
                    -1.5748698711395264
                ],
                [
                    0.0,
                    0.0,
                    0.0,
                    1.0
                ]
            ],
            "intrinsic_matrix": [
                [
                    2892.330810546875,
                    0.0003762701235245913,
                    823.203857421875,
                    0.0
                ],
                [
                    0.0,
                    2883.17529296875,
                    619.070068359375,
                    0.0
                ],
                [
                    0.0,
                    0.0,
                    1.0,
                    0.0
                ],
                [
                    0.0,
                    0.0,
                    0.0,
                    1.0
                ]
            ]
        },
        {
            "file_path": "images/000025.png",
            "transform_matrix": [
                [
                    0.6716728210449219,
                    0.2453797310590744,
                    -0.6990310549736023,
                    2.1544582843780518
                ],
                [
                    -0.6153081655502319,
                    0.7102832794189453,
                    -0.34189704060554504,
                    0.8778467178344727
                ],
                [
                    0.41261544823646545,
                    0.659762442111969,
                    0.6280621290206909,
                    -1.7729867696762085
                ],
                [
                    0.0,
                    0.0,
                    0.0,
                    1.0
                ]
            ],
            "intrinsic_matrix": [
                [
                    2892.330810546875,
                    -0.00048202689504250884,
                    823.20556640625,
                    0.0
                ],
                [
                    0.0,
                    2883.175537109375,
                    619.07177734375,
                    0.0
                ],
                [
                    0.0,
                    0.0,
                    1.0,
                    0.0
                ],
                [
                    0.0,
                    0.0,
                    0.0,
                    1.0
                ]
            ]
        },
        {
            "file_path": "images/000027.png",
            "transform_matrix": [
                [
                    0.9260244369506836,
                    0.022971415892243385,
                    -0.37676385045051575,
                    1.3026821613311768
                ],
                [
                    -0.241782546043396,
                    0.8025950193405151,
                    -0.5453278422355652,
                    1.41357421875
                ],
                [
                    0.28986185789108276,
                    0.5960818529129028,
                    0.7487767338752747,
                    -2.0915162563323975
                ],
                [
                    0.0,
                    0.0,
                    0.0,
                    1.0
                ]
            ],
            "intrinsic_matrix": [
                [
                    2892.32958984375,
                    0.0003711316967383027,
                    823.204833984375,
                    0.0
                ],
                [
                    0.0,
                    2883.1748046875,
                    619.0689697265625,
                    0.0
                ],
                [
                    0.0,
                    0.0,
                    1.0,
                    0.0
                ],
                [
                    0.0,
                    0.0,
                    0.0,
                    1.0
                ]
            ]
        },
        {
            "file_path": "images/000028.png",
            "transform_matrix": [
                [
                    0.9740276336669922,
                    -0.09609417617321014,
                    -0.20502710342407227,
                    0.8496508002281189
                ],
                [
                    -0.08712735027074814,
                    0.6767033338546753,
                    -0.7310823798179626,
                    1.902998685836792
                ],
                [
                    0.2089952826499939,
                    0.7299578785896301,
                    0.6507552862167358,
                    -1.832816481590271
                ],
                [
                    0.0,
                    0.0,
                    0.0,
                    1.0
                ]
            ],
            "intrinsic_matrix": [
                [
                    2892.331787109375,
                    5.319539923220873e-05,
                    823.2066650390625,
                    0.0
                ],
                [
                    0.0,
                    2883.177001953125,
                    619.0697021484375,
                    0.0
                ],
                [
                    0.0,
                    0.0,
                    1.0,
                    0.0
                ],
                [
                    0.0,
                    0.0,
                    0.0,
                    1.0
                ]
            ]
        },
        {
            "file_path": "images/000029.png",
            "transform_matrix": [
                [
                    0.9180172681808472,
                    -0.02190377004444599,
                    -0.39593496918678284,
                    1.3550909757614136
                ],
                [
                    -0.28000935912132263,
                    0.6711934804916382,
                    -0.6863629221916199,
                    1.784676194190979
                ],
                [
                    0.28078290820121765,
                    0.7409585118293762,
                    0.6100339293479919,
                    -1.725810170173645
                ],
                [
                    0.0,
                    0.0,
                    0.0,
                    1.0
                ]
            ],
            "intrinsic_matrix": [
                [
                    2892.33056640625,
                    1.7245407434529625e-05,
                    823.2057495117188,
                    0.0
                ],
                [
                    0.0,
                    2883.175537109375,
                    619.0694580078125,
                    0.0
                ],
                [
                    0.0,
                    0.0,
                    1.0,
                    0.0
                ],
                [
                    0.0,
                    0.0,
                    0.0,
                    1.0
                ]
            ]
        },
        {
            "file_path": "images/000030.png",
            "transform_matrix": [
                [
                    0.8195880651473999,
                    0.04847259819507599,
                    -0.5708991289138794,
                    1.816698431968689
                ],
                [
                    -0.45934852957725525,
                    0.6511456966400146,
                    -0.6041590571403503,
                    1.5680207014083862
                ],
                [
                    0.34245336055755615,
                    0.7574032545089722,
                    0.5559371113777161,
                    -1.5833600759506226
                ],
                [
                    0.0,
                    0.0,
                    0.0,
                    1.0
                ]
            ],
            "intrinsic_matrix": [
                [
                    2892.330810546875,
                    -0.0002355480391997844,
                    823.205322265625,
                    0.0
                ],
                [
                    0.0,
                    2883.175537109375,
                    619.0711669921875,
                    0.0
                ],
                [
                    0.0,
                    0.0,
                    1.0,
                    0.0
                ],
                [
                    0.0,
                    0.0,
                    0.0,
                    1.0
                ]
            ]
        },
        {
            "file_path": "images/000032.png",
            "transform_matrix": [
                [
                    0.5154687762260437,
                    0.16499881446361542,
                    -0.8408729434013367,
                    2.527845621109009
                ],
                [
                    -0.7449108958244324,
                    0.5713160634040833,
                    -0.3445369601249695,
                    0.8841314911842346
                ],
                [
                    0.42355605959892273,
                    0.8039734363555908,
